Atlantis-ram-v4

	[12900.0, 11100.0, 13500.0, 19200.0, 17900.0, 25400.0, 31900.0, 10300.0, 17400.0, 16600.0, 27300.0, 22100.0, 11700.0, 17000.0, 25400.0, 15800.0, 12100.0, 21300.0, 13300.0, 11300.0, 21300.0, 14900.0, 23600.0, 13200.0, 12500.0, 18500.0, 27500.0, 9700.0, 13700.0, 14200.0, 12600.0, 6600.0, 8900.0, 11500.0, 14500.0, 16100.0, 16700.0, 15300.0, 21700.0, 17300.0, 16800.0, 18100.0, 14900.0, 13500.0, 22500.0, 13000.0, 23100.0, 20400.0, 16600.0, 17400.0, 8400.0, 14300.0, 12400.0, 15700.0, 11300.0, 21500.0, 7400.0, 18800.0, 18200.0, 23200.0, 13500.0, 15700.0, 7900.0, 9000.0, 13700.0, 15600.0, 11600.0, 16700.0, 10700.0, 13600.0, 22900.0, 24600.0, 14900.0, 23900.0, 14100.0, 16700.0, 17900.0, 6800.0, 16000.0, 13500.0, 23700.0, 13900.0, 9900.0, 13900.0, 12600.0, 15600.0, 9700.0, 11700.0, 17500.0, 15000.0, 16200.0, 10300.0, 22000.0, 25000.0, 18000.0, 10800.0, 20100.0, 18900.0, 8600.0, 17500.0]

	31900.0

Breakout-ram-v4
	[7.0, 0.0, 3.0, 0.0, 0.0, 0.0, 0.0, 0.0, 0.0, 0.0, 0.0, 0.0, 0.0, 1.0, 2.0, 0.0, 2.0, 0.0, 0.0, 0.0, 1.0, 0.0, 0.0, 0.0, 0.0, 2.0, 2.0, 0.0, 1.0, 0.0, 0.0, 0.0, 1.0, 0.0, 1.0, 0.0, 2.0, 0.0, 2.0, 0.0, 0.0, 0.0, 0.0, 3.0, 1.0, 0.0, 0.0, 0.0, 1.0, 0.0, 0.0, 3.0, 0.0, 0.0, 0.0, 0.0, 1.0, 0.0, 0.0, 1.0, 0.0, 0.0, 0.0, 1.0, 0.0, 0.0, 0.0, 0.0, 0.0, 0.0, 0.0, 0.0, 0.0, 0.0, 1.0, 0.0, 0.0, 0.0, 1.0, 1.0, 1.0, 1.0, 0.0, 0.0, 0.0, 2.0, 0.0, 0.0, 0.0, 0.0, 1.0, 0.0, 0.0, 0.0, 0.0, 0.0, 0.0, 1.0, 2.0, 0.0]

	7.0


	[-41.0, -41.0, -41.0, -41.0, -41.0, -41.0, -41.0, -41.0, -41.0, -41.0, -41.0, -41.0, -41.0, -41.0, -41.0, -41.0, -41.0, -41.0, -41.0, -41.0, -41.0, -41.0, -41.0, -41.0, -41.0, -41.0, -41.0, -41.0, -41.0, -41.0, -41.0, -41.0, -41.0, -41.0, -41.0, -41.0, -41.0, -41.0, -41.0, -41.0, -41.0, -41.0, -41.0, -41.0, -41.0, -41.0, -41.0, -41.0, -41.0, -41.0, -41.0, -41.0, -41.0, -41.0, -41.0, -41.0, -41.0, -41.0, -41.0, -41.0, -41.0, -41.0, -41.0, -41.0, -41.0, -41.0, -41.0, -41.0, -41.0, -41.0, -41.0, -41.0, -41.0, -41.0, -41.0, -41.0, -41.0, -41.0, -41.0, -41.0, -41.0, -41.0, -41.0, -41.0, -41.0, -41.0, -41.0, -41.0, -41.0, -41.0, -41.0, -41.0, -41.0, -41.0, -41.0, -41.0, -41.0, -41.0, -41.0, -41.0]
	-41.0


